TicTacToeTrainer: 
  #paramSets: 5
  #matches: 50
  random param values picked within [-10, 10]

NodeNetwork: 
  #layers: 3
  #input nodes: 18
  #output nodes: 9
  #hidden layer nodes: 9
  #parameters: 261

-----------------------------------------------
Trying parameter set 0: 
#invalid: 87
#lost: 13
Scores: -8,  -8,  -8,  -8,  -6,  -8,  -8,  -8,  -8,  4,  -8,  -8,  -8,  -8,  -6,  -8,  -8,  -6,  -8,  -8,  -8,  -8,  -8,  -8,  -8,  -8,  -8,  -8,  -6,  -6,  -8,  -8,  -8,  -8,  -8,  -6,  -6,  4,  -8,  -8,  4,  -6,  -8,  -8,  -8,  -6,  4,  -8,  -8,  -6,  -8,  -8,  -8,  -8,  -6,  -6,  3,  -8,  -8,  -6,  -8,  3,  -10,  -8,  -10,  -10,  3,  -10,  -10,  3,  -8,  -6,  -8,  -8,  -6,  -8,  3,  -8,  -8,  -8,  -8,  -6,  4,  -8,  -6,  -10,  -8,  -10,  -8,  -6,  3,  -10,  -6,  -4,  -6,  -8,  3,  -8,  -8,  3,  
outcome score: 13
avg. score: -6.24
-----------------------------------------------
Trying parameter set 1: 
#invalid: 99
#lost: 1
Scores: -8,  -8,  -8,  -8,  -8,  -8,  -8,  -8,  -8,  -8,  -8,  -8,  -8,  -8,  -8,  -8,  -8,  -8,  -8,  -8,  -8,  -8,  -8,  -8,  -8,  -8,  -8,  -8,  -8,  -8,  -8,  -8,  -8,  -8,  -8,  -8,  -8,  -8,  -8,  -8,  -8,  -8,  -8,  -8,  -8,  -8,  -8,  -8,  -8,  -8,  -8,  -8,  -8,  -8,  -8,  -8,  -8,  -8,  -8,  -8,  -8,  -8,  -8,  -8,  -6,  -8,  -8,  -8,  -8,  -8,  -8,  -6,  -8,  -8,  -8,  -8,  -8,  -8,  -8,  -8,  -8,  -8,  -8,  -8,  -8,  -8,  -8,  -8,  -8,  -8,  -8,  -8,  3,  -8,  -8,  -8,  -8,  -8,  -8,  -8,  
outcome score: 1
avg. score: -7.85
-----------------------------------------------
Trying parameter set 2: 
#invalid: 95
#lost: 5
Scores: -8,  -8,  -8,  -8,  -8,  -8,  -8,  -8,  -8,  -8,  -8,  -8,  -8,  -8,  -8,  -8,  -8,  -8,  -8,  -8,  -8,  -8,  -8,  -8,  -8,  -8,  -8,  -8,  -8,  -8,  -8,  -8,  -8,  -8,  -8,  -8,  -8,  -8,  -8,  -8,  -8,  -8,  -8,  -8,  -8,  -8,  -8,  -8,  -8,  -8,  -8,  -8,  -8,  -8,  -6,  -8,  -8,  -8,  -10,  -8,  -8,  -8,  -8,  -8,  -10,  -10,  -8,  -8,  -8,  -8,  -8,  3,  -8,  3,  3,  3,  -8,  -8,  -8,  -6,  3,  -8,  -8,  -8,  -8,  -8,  -8,  -10,  -8,  -8,  -8,  -8,  -8,  -8,  -8,  -6,  -8,  -8,  -8,  -8,  
outcome score: 5
avg. score: -7.47
-----------------------------------------------
Trying parameter set 3: 
#invalid: 71
#lost: 29
Scores: -6,  -6,  -6,  -8,  4,  4,  4,  -6,  -6,  -6,  -6,  -6,  -6,  -6,  -8,  -8,  -6,  4,  -6,  -8,  4,  4,  4,  -6,  4,  -8,  -8,  4,  -6,  -6,  -6,  -6,  -8,  -8,  -6,  -6,  -8,  -6,  4,  -6,  -6,  -6,  -8,  -6,  -6,  -8,  -6,  -6,  -6,  4,  3,  3,  3,  3,  -8,  3,  -8,  -8,  -8,  3,  -10,  -10,  3,  -8,  3,  -8,  -10,  -10,  -6,  4,  -8,  4,  -10,  3,  4,  5,  -8,  -8,  -8,  -8,  3,  3,  -8,  -6,  -8,  -8,  -8,  -8,  -10,  -6,  -8,  3,  4,  -10,  3,  -6,  -8,  -8,  -6,  -6,  
outcome score: 29
avg. score: -4.1
-----------------------------------------------
Trying parameter set 4: 
#invalid: 80
#lost: 20
Scores: -4,  -8,  -8,  -4,  -6,  -4,  -2,  -6,  -8,  -6,  -8,  4,  -6,  4,  -8,  -8,  -8,  -4,  -4,  -6,  4,  -4,  -4,  -8,  -4,  -4,  -6,  -4,  -4,  -8,  -6,  -8,  -6,  -4,  -6,  -8,  -8,  -8,  -4,  -4,  -4,  -8,  -4,  -4,  -4,  -8,  -4,  -4,  -6,  -8,  -4,  -8,  3,  3,  -8,  -8,  -8,  3,  -8,  3,  -6,  3,  3,  -6,  3,  -6,  -8,  3,  3,  -8,  -8,  -6,  -6,  -6,  3,  -8,  -8,  -6,  3,  -8,  -6,  -8,  -6,  -8,  -8,  -8,  -8,  3,  3,  -6,  -8,  -8,  -8,  3,  -6,  4,  3,  -8,  -6,  3,  
outcome score: 20
avg. score: -4.42

Best parameter set: 3, with score: 24.9
